# Created by Octave 4.0.3, Sat Feb 04 15:26:30 2017 EST <rlarosa@Academy.local>
# name: I
# type: diagonal matrix
# rows: 12
# columns: 12
1
1
1
1
1
1
1
1
1
1
1
1


