# Created by Octave 4.0.3, Sun Feb 05 09:09:57 2017 EST <rlarosa@Academy.local>
# name: D
# type: matrix
# rows: 6
# columns: 2
 1 2
 3 4
 5 6
 11 12
 13 14
 15 16


